1.69 336.0 198.81656804733728
1.62 333.0 205.55555555555554
1.55 333.0 214.83870967741936
1.71 340.0 198.83040935672514
1.7 367.0 215.88235294117646
1.75 369.0 210.85714285714286
1.64 345.0 210.3658536585366
1.8 362.0 201.11111111111111
1.75 353.0 201.71428571428572
1.8 372.0 206.66666666666666
1.8 389.0 216.11111111111111
1.8 383.0 212.77777777777777
1.76 391.0 222.1590909090909
1.62 332.0 204.93827160493825
1.72 370.0 215.11627906976744
1.7 372.0 218.82352941176472
1.86 374.0 201.0752688172043
1.72 342.0 198.8372093023256
1.69 349.0 206.50887573964496
1.75 364.0 208.0
1.78 347.0 194.9438202247191
1.68 356.0 211.90476190476193
1.83 385.0 210.38251366120218
1.56 322.0 206.4102564102564
1.8 383.0 212.77777777777777
1.8 409.0 227.22222222222223
1.6 334.0 208.75
1.72 364.0 211.62790697674419
1.68 351.0 208.92857142857144
2.0 385.0 192.5
1.65 427.0 258.7878787878788
1.72 378.0 219.7674418604651
1.7 340.0 200.0
1.72 366.0 212.7906976744186
1.9 373.0 196.31578947368422
1.2 257.0 214.16666666666669
1.76 369.0 209.6590909090909
1.8 380.0 211.11111111111111
1.78 342.0 192.13483146067415
1.66 325.0 195.7831325301205
1.59 336.0 211.32075471698113
1.67 376.0 225.1497005988024
1.83 377.0 206.01092896174862
1.7 388.0 228.23529411764707
1.68 355.0 211.30952380952382
1.58 341.0 215.82278481012656
1.65 322.0 195.15151515151516
1.65 324.0 196.36363636363637
1.63 346.0 212.26993865030676
1.84 382.0 207.6086956521739
1.73 346.0 200.0
1.62 342.0 211.1111111111111
1.78 371.0 208.42696629213484
1.63 340.0 208.58895705521473
1.8 372.0 206.66666666666666
1.61 309.0 191.9254658385093
1.63 352.0 215.95092024539878
1.6 344.0 215.0
1.92 387.0 201.5625
1.72 369.0 214.53488372093022
1.95 401.0 205.64102564102564
1.8 375.0 208.33333333333331
1.73 372.0 215.02890173410404
1.75 401.0 229.14285714285714
1.75 380.0 217.14285714285714
1.76 353.0 200.5681818181818
1.65 345.0 209.0909090909091
1.78 381.0 214.04494382022472
1.58 286.0 181.0126582278481
1.84 389.0 211.41304347826087
1.55 317.0 204.51612903225805
1.85 385.0 208.1081081081081
1.7 373.0 219.41176470588235
1.8 376.0 208.88888888888889
1.78 379.0 212.92134831460675
1.82 380.0 208.7912087912088
1.63 354.0 217.17791411042947
1.8 348.0 193.33333333333331
1.6 343.0 214.375
1.75 359.0 205.14285714285714
1.76 347.0 197.1590909090909
1.58 347.0 219.62025316455694
1.78 371.0 208.42696629213484
1.92 394.0 205.20833333333334
1.76 350.0 198.86363636363637
1.69 341.0 201.7751479289941
1.56 312.0 200.0
1.82 390.0 214.28571428571428
1.65 359.0 217.5757575757576
1.56 325.0 208.33333333333331
1.72 371.0 215.69767441860466
1.78 378.0 212.35955056179776
1.67 356.0 213.17365269461078
1.67 364.0 217.96407185628743
1.75 364.0 208.0
1.78 373.0 209.5505617977528
1.6 356.0 222.5
1.62 484.0 298.7654320987654
1.7 339.0 199.41176470588235
1.69 410.0 242.60355029585799
1.65 350.0 212.12121212121212
1.78 371.0 208.42696629213484
1.68 347.0 206.54761904761907
1.68 329.0 195.83333333333334
1.7 356.0 209.41176470588235
1.78 371.0 208.42696629213484
1.73 344.0 198.84393063583815
1.73 360.0 208.09248554913296
1.64 348.0 212.19512195121953
1.58 330.0 208.86075949367088
1.65 355.0 215.15151515151516
1.45 325.0 224.13793103448276
1.8 406.0 225.55555555555554
1.75 383.0 218.85714285714286
1.71 355.0 207.60233918128657
1.68 363.0 216.07142857142858
1.73 347.0 200.57803468208093
1.88 398.0 211.70212765957447
1.85 477.0 257.8378378378378
1.74 366.0 210.3448275862069
1.67 344.0 205.98802395209583
1.68 355.0 211.30952380952382
1.78 391.0 219.6629213483146
1.75 377.0 215.42857142857142
1.6 348.0 217.5
1.76 356.0 202.27272727272728
1.73 358.0 206.9364161849711
1.58 313.0 198.1012658227848
1.8 404.0 224.44444444444443
1.64 342.0 208.53658536585368
1.73 351.0 202.89017341040463
1.6 349.0 218.125
1.62 314.0 193.82716049382714
1.83 386.0 210.92896174863387
1.63 355.0 217.7914110429448
1.68 399.0 237.5
1.68 329.0 195.83333333333334
1.8 364.0 202.22222222222223
1.53 344.0 224.83660130718954
1.83 390.0 213.11475409836063
1.86 383.0 205.91397849462365
1.76 379.0 215.3409090909091
1.86 389.0 209.13978494623655
1.86 401.0 215.59139784946237
1.76 456.0 259.09090909090907
1.8 392.0 217.77777777777777
1.78 375.0 210.67415730337078
1.92 391.0 203.64583333333334
1.72 377.0 219.18604651162792
1.61 332.0 206.2111801242236
1.7 361.0 212.35294117647058
1.65 334.0 202.42424242424244
1.56 325.0 208.33333333333331
1.8 360.0 200.0
1.64 338.0 206.09756097560978
1.7 367.0 215.88235294117646
1.62 330.0 203.7037037037037
1.58 315.0 199.36708860759492
1.61 330.0 204.96894409937886
1.7 374.0 220.0
1.74 373.0 214.367816091954
1.7 357.0 210.0
1.8 374.0 207.77777777777777
1.73 364.0 210.40462427745666
1.95 378.0 193.84615384615384
1.72 374.0 217.4418604651163
1.72 341.0 198.25581395348837
1.6 299.0 186.875
1.65 342.0 207.27272727272728
1.57 316.0 201.27388535031847
1.63 346.0 212.26993865030676
1.65 356.0 215.75757575757578
1.66 364.0 219.27710843373495
1.62 339.0 209.25925925925924
1.53 304.0 198.69281045751634
1.76 359.0 203.97727272727272
1.56 310.0 198.7179487179487
1.91 390.0 204.18848167539267
1.87 389.0 208.02139037433153
1.73 364.0 210.40462427745666
1.73 339.0 195.95375722543352
1.64 352.0 214.63414634146343
1.77 389.0 219.77401129943502
2.04 424.0 207.84313725490196
1.86 370.0 198.92473118279568
1.79 377.0 210.6145251396648
1.9 410.0 215.78947368421055
1.58 355.0 224.68354430379745
1.71 365.0 213.45029239766083
1.8 373.0 207.22222222222223
1.64 325.0 198.1707317073171
1.76 375.0 213.0681818181818
1.7 497.0 292.3529411764706
1.89 379.0 200.52910052910053
1.65 372.0 225.45454545454547
1.67 346.0 207.18562874251498
1.76 374.0 212.5
1.8 380.0 211.11111111111111
1.72 362.0 210.46511627906978
1.57 350.0 222.92993630573247
1.63 355.0 217.7914110429448
1.6 349.0 218.125
1.62 332.0 204.93827160493825
1.68 338.0 201.1904761904762
1.57 343.0 218.47133757961782
1.75 380.0 217.14285714285714
1.63 353.0 216.56441717791412
1.76 377.0 214.20454545454547
1.7 348.0 204.7058823529412
1.84 374.0 203.26086956521738
1.83 376.0 205.46448087431693
1.7 378.0 222.35294117647058
1.82 383.0 210.43956043956044
1.74 368.0 211.49425287356323
1.6 349.0 218.125
1.86 392.0 210.752688172043
1.79 369.0 206.14525139664804
1.79 374.0 208.9385474860335
1.88 365.0 194.14893617021278
1.74 385.0 221.26436781609195
1.62 349.0 215.43209876543207
1.76 379.0 215.3409090909091
1.66 357.0 215.06024096385542
1.68 335.0 199.4047619047619
1.7 352.0 207.05882352941177
1.8 387.0 215.0
1.72 353.0 205.2325581395349
1.86 384.0 206.4516129032258
1.6 332.0 207.5
1.78 344.0 193.25842696629212
1.81 367.0 202.7624309392265
1.64 340.0 207.31707317073173
1.77 385.0 217.5141242937853
1.6 340.0 212.5
1.68 377.0 224.40476190476193
1.83 343.0 187.43169398907102
1.9 392.0 206.31578947368422
1.85 381.0 205.94594594594594
1.73 320.0 184.97109826589596
1.64 356.0 217.07317073170734
1.85 388.0 209.7297297297297
1.46 313.0 214.38356164383563
1.72 373.0 216.86046511627907
1.82 372.0 204.39560439560438
1.68 315.0 187.5
1.7 352.0 207.05882352941177
1.64 338.0 206.09756097560978
1.63 338.0 207.36196319018407
1.7 338.0 198.82352941176472
1.6 343.0 214.375
1.96 404.0 206.12244897959184
1.75 350.0 200.0
1.81 373.0 206.07734806629833
1.53 319.0 208.49673202614377
1.88 378.0 201.06382978723406
1.7 358.0 210.58823529411765
1.83 360.0 196.72131147540983
1.78 376.0 211.23595505617976
1.69 345.0 204.14201183431953
1.66 345.0 207.83132530120483
1.73 362.0 209.2485549132948
1.68 363.0 216.07142857142858
1.7 359.0 211.1764705882353
1.85 382.0 206.48648648648648
1.7 370.0 217.64705882352942
1.66 362.0 218.0722891566265
1.76 367.0 208.52272727272728
1.64 311.0 189.63414634146343
1.7 367.0 215.88235294117646
1.64 338.0 206.09756097560978
1.7 331.0 194.7058823529412
1.67 331.0 198.20359281437126
1.7 387.0 227.64705882352942
1.67 344.0 205.98802395209583
1.7 364.0 214.11764705882354
1.7 370.0 217.64705882352942
1.69 350.0 207.10059171597635
1.7 355.0 208.82352941176472
1.58 332.0 210.126582278481
1.66 333.0 200.60240963855424
1.7 375.0 220.58823529411765
1.74 368.0 211.49425287356323
1.6 353.0 220.625
1.54 334.0 216.88311688311688
1.78 336.0 188.7640449438202
1.65 368.0 223.03030303030303
1.68 338.0 201.1904761904762
1.67 366.0 219.1616766467066
1.68 365.0 217.26190476190476
1.76 381.0 216.47727272727272
1.58 343.0 217.0886075949367
1.72 448.0 260.4651162790698
1.63 364.0 223.31288343558285
1.82 388.0 213.18681318681317
1.8 335.0 186.11111111111111
1.8 396.0 220.0
1.66 357.0 215.06024096385542
1.7 370.0 217.64705882352942
1.55 332.0 214.19354838709677
1.93 396.0 205.18134715025909
1.82 374.0 205.4945054945055
1.6 347.0 216.875
1.79 345.0 192.73743016759775
1.62 343.0 211.72839506172838
1.58 325.0 205.69620253164555
1.62 346.0 213.58024691358023
1.7 363.0 213.52941176470588
1.65 357.0 216.36363636363637
1.65 350.0 212.12121212121212
1.73 340.0 196.53179190751445
1.55 317.0 204.51612903225805
1.78 357.0 200.56179775280899
1.68 331.0 197.02380952380952
1.8 338.0 187.77777777777777
1.68 360.0 214.2857142857143
1.6 337.0 210.625
1.54 311.0 201.94805194805195
1.73 366.0 211.56069364161849
1.83 386.0 210.92896174863387
1.7 351.0 206.47058823529412
1.87 396.0 211.76470588235293
1.8 367.0 203.88888888888889
1.56 331.0 212.17948717948718
1.82 381.0 209.34065934065933
1.58 334.0 211.39240506329114
1.7 366.0 215.29411764705884
1.56 327.0 209.6153846153846
1.79 351.0 196.08938547486034
1.75 357.0 204.0
1.56 324.0 207.69230769230768
1.55 343.0 221.29032258064515
1.72 356.0 206.97674418604652
1.8 377.0 209.44444444444443
1.83 380.0 207.6502732240437
1.69 367.0 217.1597633136095
1.56 342.0 219.23076923076923
1.56 318.0 203.84615384615384
1.67 322.0 192.81437125748505
1.71 333.0 194.73684210526315
1.68 347.0 206.54761904761907
1.82 343.0 188.46153846153845
1.67 359.0 214.97005988023952
1.83 379.0 207.10382513661202
1.54 337.0 218.83116883116884
1.7 366.0 215.29411764705884
1.56 338.0 216.66666666666666
1.7 356.0 209.41176470588235
1.83 384.0 209.8360655737705
1.5 326.0 217.33333333333334
1.74 356.0 204.5977011494253
1.72 375.0 218.02325581395348
1.62 356.0 219.75308641975306
1.82 352.0 193.4065934065934
1.58 332.0 210.126582278481
1.92 405.0 210.9375
1.58 310.0 196.20253164556962
1.72 353.0 205.2325581395349
1.75 377.0 215.42857142857142
1.76 383.0 217.61363636363637
1.78 377.0 211.79775280898875
1.77 385.0 217.5141242937853
1.66 352.0 212.04819277108436
1.6 373.0 233.125
1.68 346.0 205.95238095238096
1.72 370.0 215.11627906976744
1.64 353.0 215.2439024390244
1.68 480.0 285.7142857142857
1.7 350.0 205.88235294117646
1.73 357.0 206.35838150289018
1.72 355.0 206.3953488372093
1.87 395.0 211.22994652406416
1.75 375.0 214.28571428571428
1.8 375.0 208.33333333333331
1.81 377.0 208.28729281767954
1.65 334.0 202.42424242424244
1.72 353.0 205.2325581395349
1.68 346.0 205.95238095238096
1.76 364.0 206.8181818181818
1.85 369.0 199.45945945945945
1.78 478.0 268.5393258426966
1.74 386.0 221.83908045977012
1.6 343.0 214.375
1.74 361.0 207.4712643678161
1.89 373.0 197.35449735449737
1.78 396.0 222.47191011235955
1.87 358.0 191.44385026737967
1.68 362.0 215.47619047619048
1.67 348.0 208.38323353293413
1.72 354.0 205.8139534883721
1.7 345.0 202.94117647058823
1.74 365.0 209.77011494252875
1.77 329.0 185.87570621468927
1.74 361.0 207.4712643678161
1.72 364.0 211.62790697674419
1.68 339.0 201.7857142857143
1.57 334.0 212.7388535031847
1.64 347.0 211.58536585365854
1.74 372.0 213.79310344827587
1.94 386.0 198.96907216494847
1.8 386.0 214.44444444444443
1.77 381.0 215.25423728813558
1.8 374.0 207.77777777777777
1.64 342.0 208.53658536585368
1.66 340.0 204.81927710843374
1.73 375.0 216.76300578034682
1.79 370.0 206.70391061452514
1.63 335.0 205.52147239263806
1.82 377.0 207.14285714285714
1.74 387.0 222.41379310344828
1.62 356.0 219.75308641975306
0.7 337.0 481.42857142857144
1.65 353.0 213.93939393939394
1.73 377.0 217.91907514450867
1.84 388.0 210.86956521739128
1.67 347.0 207.78443113772457
1.78 365.0 205.0561797752809
1.67 353.0 211.37724550898204
1.88 347.0 184.5744680851064
1.61 323.0 200.62111801242236
1.75 360.0 205.71428571428572
1.7 460.0 270.5882352941177
1.75 348.0 198.85714285714286
1.75 371.0 212.0
1.64 350.0 213.41463414634148
1.7 340.0 200.0
1.67 353.0 211.37724550898204
1.58 338.0 213.9240506329114
1.68 318.0 189.2857142857143
1.64 314.0 191.46341463414635
1.87 394.0 210.6951871657754
1.8 384.0 213.33333333333331
1.83 381.0 208.19672131147541
1.58 326.0 206.32911392405063
1.72 374.0 217.4418604651163
1.75 370.0 211.42857142857142
1.62 329.0 203.0864197530864
1.63 338.0 207.36196319018407
1.75 360.0 205.71428571428572
1.74 368.0 211.49425287356323
1.63 342.0 209.8159509202454
1.66 362.0 218.0722891566265
1.85 380.0 205.4054054054054
1.76 377.0 214.20454545454547
1.6 334.0 208.75
1.9 388.0 204.21052631578948
1.64 327.0 199.39024390243904
1.85 408.0 220.54054054054052
1.76 365.0 207.38636363636363
1.79 365.0 203.91061452513966
1.85 378.0 204.32432432432432
1.78 359.0 201.68539325842696
1.56 341.0 218.5897435897436
1.7 362.0 212.94117647058823
1.84 376.0 204.3478260869565
1.78 371.0 208.42696629213484
1.85 385.0 208.1081081081081
1.78 371.0 208.42696629213484
1.65 359.0 217.5757575757576
1.86 393.0 211.29032258064515
1.72 365.0 212.2093023255814
1.72 335.0 194.7674418604651
1.55 336.0 216.7741935483871
1.65 356.0 215.75757575757578
1.58 345.0 218.35443037974682
1.85 349.0 188.64864864864865
1.67 328.0 196.40718562874252
1.83 364.0 198.9071038251366
1.58 334.0 211.39240506329114
1.69 357.0 211.24260355029585
1.7 366.0 215.29411764705884
1.86 374.0 201.0752688172043
1.72 350.0 203.48837209302326
1.8 358.0 198.88888888888889
1.8 384.0 213.33333333333331
1.7 366.0 215.29411764705884
1.65 332.0 201.21212121212122
1.86 368.0 197.8494623655914
2.02 393.0 194.55445544554456
1.65 351.0 212.72727272727275
1.67 346.0 207.18562874251498
1.52 325.0 213.81578947368422
1.75 377.0 215.42857142857142
1.85 396.0 214.05405405405403
1.59 351.0 220.75471698113208
1.58 321.0 203.1645569620253
1.57 328.0 208.9171974522293
1.8 380.0 211.11111111111111
1.73 364.0 210.40462427745666
1.83 412.0 225.13661202185793
1.73 373.0 215.60693641618496
1.76 340.0 193.1818181818182
1.7 346.0 203.52941176470588
1.65 348.0 210.9090909090909
1.63 338.0 207.36196319018407
1.7 351.0 206.47058823529412
1.84 405.0 220.1086956521739
1.72 361.0 209.88372093023256
1.6 332.0 207.5
1.75 356.0 203.42857142857142
1.74 366.0 210.3448275862069
1.68 330.0 196.42857142857144
1.7 362.0 212.94117647058823
1.65 335.0 203.03030303030303
1.7 325.0 191.1764705882353
1.62 364.0 224.69135802469134
1.72 373.0 216.86046511627907
1.67 373.0 223.35329341317367
1.68 361.0 214.88095238095238
1.6 423.0 264.375
1.85 368.0 198.9189189189189
1.83 356.0 194.53551912568307
1.7 337.0 198.23529411764707
1.83 389.0 212.56830601092895
1.62 341.0 210.49382716049382
1.7 345.0 202.94117647058823
1.73 374.0 216.1849710982659
1.67 358.0 214.37125748502996
1.62 324.0 200.0
1.76 372.0 211.36363636363637
1.54 316.0 205.19480519480518
1.62 319.0 196.91358024691357
1.87 383.0 204.81283422459893
1.8 378.0 210.0
1.84 381.0 207.06521739130434
1.78 394.0 221.34831460674158
1.64 342.0 208.53658536585368
1.79 364.0 203.35195530726256
1.77 351.0 198.3050847457627
1.72 360.0 209.30232558139537
1.85 384.0 207.56756756756755
1.84 378.0 205.43478260869566
1.65 341.0 206.66666666666669
1.76 346.0 196.5909090909091
1.7 365.0 214.7058823529412
1.68 450.0 267.8571428571429
1.76 348.0 197.72727272727272
1.68 372.0 221.42857142857144
1.63 336.0 206.13496932515338
1.73 364.0 210.40462427745666
1.9 359.0 188.94736842105263
1.75 369.0 210.85714285714286
1.73 374.0 216.1849710982659
1.55 344.0 221.93548387096774
1.63 315.0 193.2515337423313
1.78 375.0 210.67415730337078
1.82 364.0 200.0
1.83 379.0 207.10382513661202
1.65 315.0 190.9090909090909
1.78 365.0 205.0561797752809
1.83 361.0 197.26775956284152
1.67 344.0 205.98802395209583
1.67 345.0 206.5868263473054
1.68 342.0 203.57142857142858
1.97 388.0 196.9543147208122
1.75 361.0 206.28571428571428
1.78 372.0 208.98876404494382
1.88 402.0 213.82978723404256
1.63 340.0 208.58895705521473
1.9 402.0 211.57894736842107
1.68 353.0 210.11904761904762
1.7 377.0 221.76470588235296
1.75 346.0 197.71428571428572
1.65 363.0 220.0
1.71 364.0 212.8654970760234
1.83 497.0 271.5846994535519
